rainfall.time=[1 2 3 4 5 6 7 8 9 10 11 12]';
rainfall.values=[15190 16660 21070 50960 36260 9800 12250 15190 27930 100450 79380 52430]';
Evapotranscf.time=[1 2 3 4 5 6 7 8 9 10 11 12]';
Evapotranscf.values=[4488.4 4488.4 4488.4 4488.4 7095.2 7095.2 7095.2 7095.2 4488.4 4488.4 4488.4 4488.4]';
Evapotank.time=[1 2 3 4 5 6 7 8 9 10 11 12]';
Evapotank.values=[4055.37 4697.47 6939.49 6390.56 6390.24 7452.90 7826.33 7781.23 7301.23 5695.58 3742.04 3528.50]';
Evapotranspf.time=[1 2 3 4 5 6 7 8 9 10 11 12]';
Evapotranspf.values=[351.74 351.74 351.74 351.74 556.03 556.03 556.03 556.03 351.74 351.74 351.74 351.74]';
Evapotransic.time=[1 2 3 4 5 6 7 8 9 10 11 12]';
Evapotransic.values=[214.34 214.34 214.34 214.34 338.83 338.83 338.83 338.83 214.34 214.34 214.34 214.34]';
Waterusepf.time=[1 2 3 4 5 6 7 8 9 10 11 12]';
Waterusepf.values=[2496 1440 0 0 1536 2496 2496 1440 0 0 1536 2496]';
Overflowt1.time=[1 2 3 4 5 6 7 8 9 10 11 12]';
Overflowt1.values=[0 0 1000 20000 20000 2500 4000 4000 10000 50000 80000 50000]';
